                                                                                                      [0m
                                                                                                      [0m
                                                                                                      [0m
                                               [38;2;29;29;32m█████                                                  [0m
                                           [38;2;200;0;0m█[38;2;29;29;32m███████████[38;2;106;0;11m█                                              [0m
                                        [38;2;29;29;32m███████[38;2;198;0;0m█████[38;2;35;25;30m█[38;2;29;29;32m██████                                           [0m
                                    [38;2;194;0;0m█[38;2;29;29;32m██████[38;2;126;0;4m█[38;2;198;0;0m████████████[38;2;29;29;32m██████[38;2;80;6;19m█                                       [0m
                                 [38;2;29;29;32m███████[38;2;198;0;0m███████████████████[38;2;35;25;30m█[38;2;29;29;32m██████                                    [0m
                             [38;2;206;0;0m█[38;2;29;29;32m██████[38;2;145;0;0m█[38;2;198;0;0m██████████████████████████[38;2;29;29;32m██████[38;2;76;8;19m█                                [0m
                          [38;2;29;29;32m███████[38;2;198;0;0m█████████████████████████████████[38;2;33;25;30m█[38;2;29;29;32m██████                             [0m
                      [38;2;201;0;0m█[38;2;29;29;32m██████[38;2;148;0;0m█[38;2;198;0;0m████████████████████████████████████████[38;2;29;29;32m██████[38;2;59;16;24m█                         [0m
                   [38;2;29;27;30m█[38;2;29;29;32m██████[38;2;198;0;0m███████████████████████████████████████████████[38;2;29;29;32m███████                      [0m
               [38;2;200;0;0m█[38;2;29;29;32m██████[38;2;172;0;0m█[38;2;198;0;0m██████████████████████████████████████████████████████[38;2;29;29;32m██████[38;2;33;25;29m█                  [0m
            [38;2;29;29;32m███████[38;2;198;0;0m█████████████████████████████████████████████████████████████[38;2;33;27;30m█[38;2;29;29;32m██████               [0m
          [38;2;29;29;32m█████[38;2;169;0;0m█[38;2;198;0;0m████████████████████████████████████████████████████████████████████[38;2;29;29;32m█████             [0m
          [38;2;29;29;32m████████[38;2;182;0;0m█[38;2;198;0;0m██████████████████████████████████████████████████████████████[38;2;29;29;32m████████             [0m
          [38;2;29;29;32m███[38;2;198;0;0m██[38;2;29;29;32m███████[38;2;198;0;0m███████████████████████████████████████████████████████[38;2;53;17;25m█[38;2;29;29;32m██████[38;2;198;0;0m██[38;2;29;29;32m███             [0m
          [38;2;29;29;32m███[38;2;198;0;0m█████[38;2;195;0;0m█[38;2;29;29;32m██████[38;2;171;0;0m█[38;2;198;0;0m████████████████████████████████████████████████[38;2;29;29;32m██████[38;2;43;22;27m█[38;2;198;0;0m█████[38;2;29;29;32m███             [0m
          [38;2;29;29;32m███[38;2;198;0;0m█████████[38;2;29;29;32m███████[38;2;198;0;0m█████████████████████████████████████████[38;2;64;14;22m█[38;2;29;29;32m██████[38;2;198;0;0m█████████[38;2;29;29;32m███             [0m
          [38;2;29;29;32m███[38;2;198;0;0m███[38;2;29;29;32m████[38;2;198;0;0m█████[38;2;192;0;0m█[38;2;29;29;32m██████[38;2;179;0;0m█[38;2;198;0;0m██████████████████████████████████[38;2;29;29;32m██████[38;2;49;19;25m█[38;2;198;0;0m█████[38;2;165;0;0m█[38;2;29;29;32m███[38;2;198;0;0m███[38;2;29;29;32m███             [0m
          [38;2;29;29;32m███[38;2;198;0;0m███[38;2;29;29;32m███████[38;2;198;0;0m██████[38;2;29;29;32m███████[38;2;198;0;0m███████████████████████████[38;2;73;9;19m█[38;2;29;29;32m██████[38;2;198;0;0m██████[38;2;29;29;32m███████[38;2;198;0;0m███[38;2;29;29;32m███             [0m
          [38;2;29;29;32m███[38;2;198;0;0m███[38;2;29;29;32m███[38;2;198;0;0m█[38;2;29;29;32m██████[38;2;40;24;29m█[38;2;198;0;0m█████[38;2;185;0;0m█[38;2;29;29;32m██████[38;2;186;0;0m█[38;2;198;0;0m████████████████████[38;2;29;29;32m██████[38;2;40;24;29m█[38;2;198;0;0m█████[38;2;179;0;0m█[38;2;29;29;32m██████[38;2;194;0;0m█[38;2;29;29;32m███[38;2;198;0;0m███[38;2;29;29;32m███             [0m
          [38;2;29;29;32m███[38;2;198;0;0m███[38;2;29;29;32m███[38;2;198;0;0m████[38;2;106;0;11m█[38;2;29;29;32m████[38;2;156;0;0m█[38;2;198;0;0m███████[38;2;29;29;32m███████[38;2;198;0;0m█████████████[38;2;64;12;22m█[38;2;29;29;32m██████[38;2;198;0;0m████████[38;2;29;29;32m█████[38;2;198;0;0m████[38;2;29;29;32m███[38;2;198;0;0m███[38;2;29;29;32m███             [0m
          [38;2;29;29;32m███[38;2;198;0;0m███[38;2;29;29;32m███[38;2;198;0;0m██████[38;2;29;29;32m███[38;2;156;0;0m█[38;2;198;0;0m██[38;2;29;29;32m██[38;2;40;22;29m█[38;2;198;0;0m█████[38;2;188;0;0m█[38;2;29;29;32m██████[38;2;182;0;0m█[38;2;198;0;0m██████[38;2;29;29;32m██████[38;2;42;22;27m█[38;2;198;0;0m█████[38;2;195;0;0m█[38;2;29;29;32m██[38;2;198;0;0m███[38;2;29;29;32m███[38;2;198;0;0m████[38;2;29;29;32m█████[38;2;198;0;0m███[38;2;29;29;32m███             [0m
          [38;2;29;29;32m███[38;2;198;0;0m███[38;2;29;29;32m███[38;2;198;0;0m██████[38;2;29;29;32m███[38;2;156;0;0m█[38;2;198;0;0m██[38;2;29;29;32m███[38;2;198;0;0m█████████[38;2;29;29;32m█████████████[38;2;198;0;0m██████[38;2;29;29;32m█[38;2;198;0;0m██[38;2;29;29;32m███[38;2;198;0;0m███[38;2;29;29;32m███[38;2;94;1;14m█[38;2;29;29;32m████████[38;2;198;0;0m███[38;2;29;29;32m███             [0m
          [38;2;29;29;32m███[38;2;198;0;0m███[38;2;29;29;32m██████[38;2;189;0;0m█[38;2;198;0;0m██[38;2;29;29;32m███[38;2;156;0;0m█[38;2;198;0;0m██[38;2;29;29;32m███[38;2;198;0;0m███[38;2;29;29;32m███[38;2;30;27;30m█[38;2;198;0;0m█████[38;2;194;0;0m█[38;2;29;29;32m█████[38;2;30;27;30m█[38;2;198;0;0m██████[38;2;29;29;32m████[38;2;198;0;0m██[38;2;29;29;32m███[38;2;198;0;0m███[38;2;29;29;32m███████[38;2;198;0;0m██[38;2;29;29;32m███[38;2;198;0;0m███[38;2;29;29;32m███             [0m
          [38;2;29;29;32m███[38;2;198;0;0m███[38;2;29;29;32m████████████[38;2;156;0;0m█[38;2;198;0;0m██[38;2;29;29;32m███[38;2;198;0;0m███[38;2;83;6;17m█[38;2;29;29;32m██████[38;2;198;0;0m████[38;2;29;29;32m███[38;2;198;0;0m████[38;2;29;29;32m████████[38;2;198;0;0m██[38;2;29;29;32m███[38;2;198;0;0m███[38;2;29;29;32m███[38;2;198;0;0m████████████[38;2;29;29;32m███             [0m
          [38;2;29;29;32m███[38;2;198;0;0m███[38;2;29;29;32m███[38;2;198;0;0m████[38;2;29;29;32m█████[38;2;156;0;0m█[38;2;198;0;0m██[38;2;29;29;32m███[38;2;198;0;0m███████[38;2;29;29;32m████[38;2;198;0;0m███[38;2;29;29;32m███[38;2;198;0;0m███[38;2;29;29;32m████[38;2;198;0;0m██[38;2;29;29;32m███[38;2;198;0;0m██[38;2;29;29;32m███[38;2;198;0;0m███[38;2;29;29;32m███[38;2;198;0;0m████████[38;2;29;29;32m█[38;2;198;0;0m███[38;2;29;29;32m███             [0m
          [38;2;29;29;32m███[38;2;198;0;0m███[38;2;29;29;32m████[38;2;108;0;11m█[38;2;198;0;0m█████[38;2;29;29;32m██[38;2;166;0;0m█[38;2;198;0;0m██[38;2;29;29;32m███[38;2;198;0;0m████████[38;2;29;29;32m███[38;2;198;0;0m███[38;2;29;29;32m███[38;2;198;0;0m███[38;2;29;29;32m███[38;2;198;0;0m███[38;2;29;29;32m███[38;2;198;0;0m██[38;2;29;29;32m███[38;2;198;0;0m███[38;2;29;29;32m██[38;2;198;0;0m██████[38;2;29;29;32m████[38;2;198;0;0m███[38;2;29;29;32m███             [0m
          [38;2;29;29;32m███[38;2;198;0;0m███[38;2;29;29;32m████████[38;2;198;0;0m███████[38;2;29;29;32m█████[38;2;142;0;1m█[38;2;198;0;0m█████[38;2;29;29;32m███[38;2;198;0;0m███[38;2;29;29;32m███[38;2;198;0;0m███[38;2;29;29;32m███[38;2;198;0;0m███[38;2;29;29;32m████████[38;2;198;0;0m███████[38;2;29;29;32m████████[38;2;198;0;0m███[38;2;29;29;32m███             [0m
          [38;2;29;29;32m███[38;2;198;0;0m███[38;2;29;29;32m███[38;2;198;0;0m██[38;2;29;29;32m██████[38;2;109;0;9m█[38;2;198;0;0m█████[38;2;29;29;32m███████[38;2;198;0;0m██[38;2;29;29;32m███[38;2;198;0;0m███[38;2;29;29;32m███[38;2;198;0;0m███[38;2;29;29;32m███[38;2;198;0;0m███[38;2;29;29;32m██████[38;2;198;0;0m██████[38;2;29;29;32m██████[38;2;97;0;12m█[38;2;198;0;0m█[38;2;29;29;32m███[38;2;198;0;0m███[38;2;29;29;32m███             [0m
          [38;2;29;29;32m███[38;2;198;0;0m███[38;2;29;29;32m███[38;2;198;0;0m█████[38;2;33;25;30m█[38;2;29;29;32m███[38;2;156;0;0m█[38;2;198;0;0m████████[38;2;29;29;32m████████[38;2;198;0;0m███[38;2;29;29;32m███[38;2;198;0;0m███[38;2;29;29;32m███[38;2;198;0;0m███[38;2;29;29;32m██[38;2;49;19;25m█[38;2;198;0;0m████████[38;2;29;29;32m████[38;2;198;0;0m█████[38;2;29;29;32m███[38;2;198;0;0m███[38;2;29;29;32m███             [0m
          [38;2;29;29;32m███[38;2;198;0;0m███[38;2;29;29;32m███[38;2;198;0;0m█████████[38;2;166;0;0m█[38;2;198;0;0m██[38;2;29;29;32m███[38;2;109;0;9m█[38;2;198;0;0m█████[38;2;29;29;32m█████[38;2;198;0;0m███[38;2;29;29;32m███[38;2;198;0;0m███[38;2;29;29;32m███[38;2;198;0;0m████████[38;2;29;29;32m███[38;2;198;0;0m███[38;2;115;0;8m█[38;2;198;0;0m█████[38;2;126;0;4m█[38;2;198;0;0m██[38;2;29;29;32m███[38;2;198;0;0m███[38;2;29;29;32m███             [0m
          [38;2;29;29;32m███[38;2;198;0;0m█████████[38;2;29;29;32m███[38;2;37;24;29m█[38;2;198;0;0m█████[38;2;29;29;32m███████[38;2;198;0;0m█████[38;2;189;0;0m█[38;2;29;29;32m█[38;2;198;0;0m███[38;2;29;29;32m███[38;2;198;0;0m███[38;2;29;29;32m█[38;2;53;17;25m█[38;2;198;0;0m█████[38;2;29;29;32m███████[38;2;198;0;0m█████[38;2;192;0;0m█[38;2;29;29;32m███[38;2;72;11;19m█[38;2;198;0;0m██[38;2;29;29;32m███[38;2;198;0;0m███[38;2;29;29;32m███             [0m
          [38;2;29;29;32m███[38;2;198;0;0m███[38;2;29;29;32m█[38;2;198;0;0m█████[38;2;84;6;16m█[38;2;29;29;32m█████[38;2;156;0;0m█[38;2;198;0;0m██[38;2;29;29;32m███[38;2;198;0;0m█[38;2;29;29;32m█████[38;2;198;0;0m████████[38;2;29;29;32m███[38;2;198;0;0m███████[38;2;29;29;32m██████[38;2;98;0;12m█[38;2;198;0;0m██████[38;2;29;29;32m██████[38;2;198;0;0m███[38;2;29;29;32m███[38;2;198;0;0m███[38;2;29;29;32m███             [0m
          [38;2;29;29;32m███[38;2;198;0;0m███[38;2;29;29;32m████[38;2;198;0;0m█████[38;2;29;29;32m███[38;2;156;0;0m█[38;2;198;0;0m██[38;2;29;29;32m███[38;2;198;0;0m████[38;2;29;29;32m██[38;2;198;0;0m██[38;2;29;29;32m███[38;2;198;0;0m███[38;2;29;29;32m███[38;2;198;0;0m███[38;2;40;24;29m█[38;2;29;29;32m██████[38;2;198;0;0m██████[38;2;29;29;32m█[38;2;198;0;0m███[38;2;29;29;32m███[38;2;198;0;0m█████[38;2;29;29;32m████[38;2;198;0;0m███[38;2;29;29;32m███             [0m
          [38;2;29;29;32m███[38;2;198;0;0m████[38;2;29;29;32m███████[38;2;198;0;0m█[38;2;29;29;32m███[38;2;156;0;0m█[38;2;198;0;0m██[38;2;29;29;32m███[38;2;198;0;0m████████[38;2;29;29;32m███[38;2;198;0;0m███[38;2;29;29;32m███[38;2;198;0;0m███[38;2;29;29;32m███[38;2;73;9;19m█[38;2;198;0;0m█████[38;2;29;29;32m█████[38;2;198;0;0m███[38;2;29;29;32m███[38;2;198;0;0m█[38;2;123;0;6m█[38;2;29;29;32m██████[38;2;198;0;0m████[38;2;29;29;32m███             [0m
          [38;2;29;29;32m████[38;2;62;16;24m█[38;2;198;0;0m█████[38;2;169;0;0m█[38;2;29;29;32m███████[38;2;156;0;0m█[38;2;198;0;0m██[38;2;29;29;32m███[38;2;198;0;0m███[38;2;29;29;32m██[38;2;33;25;30m█[38;2;198;0;0m██[38;2;29;29;32m███[38;2;198;0;0m███[38;2;29;29;32m███[38;2;198;0;0m█████████[38;2;29;29;32m████████[38;2;198;0;0m███[38;2;29;29;32m████████[38;2;198;0;0m██████[38;2;29;29;32m████             [0m
           [38;2;30;27;30m█[38;2;29;29;32m██████[38;2;198;0;0m██████[38;2;29;29;32m████[38;2;156;0;0m█[38;2;198;0;0m██[38;2;29;29;32m███[38;2;198;0;0m███[38;2;29;29;32m████████[38;2;198;0;0m███[38;2;29;29;32m███[38;2;198;0;0m█████[38;2;29;29;32m███████[38;2;198;0;0m██[38;2;29;29;32m███[38;2;198;0;0m███[38;2;29;29;32m████[38;2;197;0;0m█[38;2;198;0;0m█████[38;2;29;29;32m███████              [0m
               [38;2;29;29;32m██████[38;2;67;12;21m█[38;2;198;0;0m█████[38;2;166;0;0m█[38;2;177;0;0m█[38;2;198;0;0m██[38;2;29;29;32m███[38;2;198;0;0m██████[38;2;29;29;32m█████[38;2;198;0;0m███[38;2;29;29;32m███[38;2;198;0;0m███[38;2;29;29;32m█████[38;2;157;0;0m█[38;2;198;0;0m█████[38;2;29;29;32m███[38;2;198;0;0m███[38;2;29;29;32m█[38;2;198;0;0m██████[38;2;29;29;32m██████[38;2;30;30;35m█                 [0m
                  [38;2;35;25;29m█[38;2;29;29;32m██████[38;2;198;0;0m██████[38;2;29;29;32m███[38;2;198;0;0m███[38;2;29;29;32m█[38;2;198;0;0m████[38;2;29;29;32m███[38;2;198;0;0m███[38;2;29;29;32m███[38;2;198;0;0m███[38;2;29;29;32m███[38;2;198;0;0m████████[38;2;29;29;32m███[38;2;198;0;0m██████[38;2;29;29;32m███████                     [0m
                      [38;2;29;29;32m██████[38;2;75;9;19m█[38;2;198;0;0m████████[38;2;29;29;32m████[38;2;195;0;0m█[38;2;29;29;32m███[38;2;198;0;0m███[38;2;29;29;32m███[38;2;198;0;0m███[38;2;29;29;32m███[38;2;198;0;0m██████████████[38;2;29;29;32m██████[38;2;29;29;33m█                        [0m
                         [38;2;46;21;25m█[38;2;29;29;32m██████[38;2;198;0;0m██████[38;2;29;29;32m███████[38;2;198;0;0m███[38;2;29;29;32m███[38;2;198;0;0m███[38;2;29;29;32m███[38;2;198;0;0m██████████[38;2;29;29;32m███████                            [0m
                             [38;2;29;29;32m██████[38;2;65;12;21m█[38;2;198;0;0m█████[38;2;151;0;0m█[38;2;29;29;32m███[38;2;198;0;0m███[38;2;29;29;32m███[38;2;198;0;0m███[38;2;29;29;32m███[38;2;198;0;0m███████[38;2;29;29;32m██████[38;2;29;29;29m█                               [0m
                                [38;2;42;22;27m█[38;2;29;29;32m██████[38;2;198;0;0m█████████[38;2;29;29;32m███[38;2;198;0;0m█████████[38;2;29;29;32m███████                                   [0m
                                    [38;2;29;29;32m██████[38;2;62;14;22m█[38;2;198;0;0m█████[38;2;29;29;32m███[38;2;198;0;0m█████[38;2;195;0;0m█[38;2;29;29;32m██████[38;2;30;30;33m█                                      [0m
                                       [38;2;48;19;25m█[38;2;29;29;32m██████[38;2;198;0;0m██[38;2;29;29;32m███[38;2;198;0;0m██[38;2;29;29;32m███████                                          [0m
                                           [38;2;29;29;32m█████████████[38;2;30;30;35m█                                             [0m
                                              [38;2;43;22;27m█[38;2;29;29;32m██████                                                 [0m
                                                                                                      [0m
                                                                                                      [0m
                                                                                                      [0m
